path 1
[0, 0]
[0, 1]
[0, 2]
[0, 3]
[0, 4]
[1, 4]
[2, 4]
[3, 4]
[3, 5]
[3, 6]
[3, 7]
[3, 8]
[3, 9]
[4, 9]
[5, 9]
[6, 9]
[7, 9]
[8, 9]
cost= 16
path 2
[0, 0]
[0, 1]
[0, 2]
[0, 3]
[1, 3]
[1, 4]
[2, 4]
[3, 4]
[3, 5]
[3, 6]
[3, 7]
[3, 8]
[3, 9]
[4, 9]
[5, 9]
[6, 9]
[7, 9]
[8, 9]
cost= 16
path 3
[0, 0]
[0, 1]
[0, 2]
[0, 3]
[0, 4]
[1, 4]
[2, 4]
[2, 5]
[3, 5]
[3, 6]
[3, 7]
[3, 8]
[3, 9]
[4, 9]
[5, 9]
[6, 9]
[7, 9]
[8, 9]
cost= 16
path 4
[0, 0]
[0, 1]
[0, 2]
[0, 3]
[1, 3]
[1, 4]
[2, 4]
[2, 5]
[3, 5]
[3, 6]
[3, 7]
[3, 8]
[3, 9]
[4, 9]
[5, 9]
[6, 9]
[7, 9]
[8, 9]
cost= 16
path 5
[0, 0]
[0, 1]
[0, 2]
[0, 3]
[0, 4]
[1, 4]
[2, 4]
[3, 4]
[4, 4]
[5, 4]
[6, 4]
[7, 4]
[7, 5]
[7, 6]
[7, 7]
[7, 8]
[7, 9]
[8, 9]
cost= 16
path 6
[0, 0]
[0, 1]
[0, 2]
[0, 3]
[1, 3]
[1, 4]
[2, 4]
[3, 4]
[4, 4]
[5, 4]
[6, 4]
[7, 4]
[7, 5]
[7, 6]
[7, 7]
[7, 8]
[7, 9]
[8, 9]
cost= 16

=== Code Execution Successful ===
